12.56
12.67
12.84
12.76
13
13.3
12.96
12.9
12.79
12.66
12.68
12.53
12.45
12.72
12.47
12.39
12.29
12.33
12.54
12.64
12.78
13.05
13.22
13.11
13.36
13.44
13.32
13.65
13.62
13.47
13.7
13.88
14.08
13.92
13.73
13.65
13.61
13.86
13.93
13.97
13.96
13.86
14.09
13.88
13.76
13.84
13.79
13.56
13.68
13.88
13.73
13.76
13.78
13.8
13.7
13.64
13.82
13.78
14.49
14.49
14.29
14.44
14.59
14.69
14.77
14.88
14.99
14.81
14.78
14.7
14.81
14.33
14.2
14.26
14.26
14.26
14.32
14.47
14.56
14.28
14.43
14.56
14.57
14.72
14.62
14.62
14.82
14.45
14.7
14.7
14.77
15.13
15
14.88
14.46
14.36
14.5
14.33
13.34
13.66
13.42
13.49
13.11
13.73
13.61
13.6
13.5
13.64
13.64
13.85
13.79
13.55
13.69
13.6
13.87
13.84
13.72
13.81
13.81
13.81
14.07
14.13
14.15
14.08
14.2
14.2
14.17
14.2
14.15
14.4
14.59
14.52
14.32
14.52
14.55
14.85
14.32
14.36
14.13
13.75
13.82
13.95
14.34
14.58
14.31
14.65
14.76
14.61
14.55
14.54
14.63
14.51
14.89
14.85
14.81
14.68
14.56
14.65
14.17
14.24
14.52
14.61
14.74
14.9
14.81
14.77
14.85
14.92
15
15.04
15.42
15.49
15.41
15.46
15.51
15.52
15.58
15.46
15.29
15.31
15.51
15.6
15.82
15.88
16.23
16.23
16
16.34
16.45
16.2
16.14
16.58
16.56
16.57
16.71
16.5
16.65
17.03
17.28
17.07
17.13
17.2
17.19
17.17
17.21
17.26
16.76
17.06
17
16.9
17.31
17.6
17.85
18.02
17.7
17.96
18.07
18.1
17.93
17.75
17.99
18.12
18.54
18.54
18.61
18.78
18.85
19.33
19.12
19.1
19.08
18.95
19.31
19.1
19.22
18.67
18.46
18.96
18.8
19.49
19.95
20.17
19.97
19.91
20.03
20.02
20.23
20.6
20.87
21
20.92
20.82
20.8
20.63
20.69
20.69
20.69
20.89
20.85
20.85
20.85
21.09
21.51
21.96
22.47
22.03
22.35
22.05
22.23
22.44
22.27
22.22
22.49
22.54
22.72
22
21.98
22
20.76
21.15
21.38
21.76
21.46
21.85
21.9
21.77
21.78
21.9
22.15
22.03
21.89
22.04
22.31
22.17
22.3
22.21
22.15
22.15
22.27
21.84
21.28
20.67
20.46
20.72
20.55
20.07
20.37
20.33
20.33
20.73
20.53
20.17
19.71
19.95
19.85
20.07
20.36
20.25
20.56
20.46
20.3
20.15
20.16
20.39
20.33
20.63
20.72
21.46
21.49
21.49
21.49
21.55
21.48
21.63
22.12
22.61
22.49
22.42
21.74
22.06
22.05
21.85
22.15
21.96
22.2
22.06
22.06
22.41
22.18
22.03
22.45
21.9
21.87
21.41
21.5
21.5
21.35
21.21
21.23
21.01
20.98
21.02
21.37
21.5
21.29
21.29
21.41
21.2
21.53
21.66
21.39
20.87
20.12
19.8
19.64
20.13
20.03
20.06
20.38
20.9
20.65
20.42
20.89
20.49
20.36
20.31
20.45
20.31
20.52
20.76
20.36
20.7
20.85
20.68
20.76
20.95
20.64
20.46
20.73
20.56
20.65
20.58
20.36
20.68
20.54
20.5
20.37
20.97
20.32
20.11
19.97
20.68
20.81
20.9
21.04
20.85
21.27
20.73
19.85
19.14
19.95
19.91
20.22
19.61
19.94
20
20.13
20.59
20.78
20.66
20.62
20.68
21.36
21.28
21.42
21.57
21.68
21.08
21.25
20.78
20.5
20.57
19.86
19.84
19.48
19.35
19.73
19.96
19.66
19.55
19.5
19.56
19.82
20.35
20.17
20.62
20.7
20.77
20.83
20.62
20.71
20.94
21.22
21.72
21.25
20.88
20.5
20.78
20.77
20.21
20.32
20.26
20.25
20.2
20.07
20.02
20.12
20.39
19.94
19.61
19.4
19.26
18.48
18.44
18.06
18.62
18.84
18.86
18.46
18.22
17.67
17.72
17.17
17.78
18.07
17.62
17.6
18.24
18.04
18.45
18.19
17.83
18.21
18.28
18.43
18.68
18.54
18.74
18.36
18.3
17.98
18.24
18.11
18.11
18.28
18.28
18.28
18.28
18.18
18.22
18.22
18.22
18.2
17.75
17.35
17.46
17.6
16.8
16.6
17.08
17.22
16.78
17.04
16.8
16.52
15.6
15.93
15.82
16.68
16.22
16.14
16.44
16.29
15.97
15.93
15.79
15.34
15.23
15.32
15.41
15.3
15.61
15.86
15.65
15.22
15.47
15.64
15.38
15.35
14.94
15.24
16.14
16.07
15.73
15.49
15.49
15.16
15.57
15.03
15.18
14.93
15.02
15.72
15.36
15.38
14.95
15.44
15.4
16.08
16.08
16.08
16.7
16.85
17.3
17.04
17.13
17.77
17.85
17.64
17.49
17.75
17.51
17.16
17.06
17.18
17.07
17.12
17.57
17.5
18.2
18.32
17.86
17.24
17.37
18.08
18.14
17.95
16.87
17.5
17.37
17.19
17.3
16.97
16.64
16.65
16.75
16.77
16.83
17.16
17.18
16.64
16.13
15.84
15.5
15.56
15.85
16.23
16.1
16.67
16.25
16.21
16.67
16.73
15.97
15.71
15.56
15.63
15.72
15.55
15.5
15.21
14.94
14.65
14.26
14.45
14.76
14.13
14.05
13.7
13.44
13.54
13.69
13.48
13.76
14.16
14.45
14.13
13.33
13.34
13.02
13.65
14.41
15.21
15.22
15.28
15.89
15.62
15.45
14.99
15.1
14.88
14.77
14.71
14.54
15.47
15.63
15.31
15.71
15.92
15.76
15.12
14.99
15.28
15.04
14.46
14.39
14.02
14.44
14.39
14.54
14.4
14.64
14.69
15.01
15.63
15.56
15.06
14.57
15.03
15.19
15.12
14.95
15.04
14.84
15
14.75
14.28
15.28
15.25
14.51
14.88
15.09
14.44
13.62
13.8
13.78
13.82
13.94
12.85
12.47
11.85
11.88
10.89
11.9
12.5
11.87
11.9
12.53
12.38
12.72
12.17
11.73
11.07
10.33
9.43
10.03
10.73
10.94
11.08
11.47
11.19
10.68
10.69
10.74
10.1
10.23
10.3
10.26
9.72
9.65
9.47
9.06
8.99
9.78
10.06
10.19
10.32
10.34
9.83
10.32
10.36
10.38
10.19
10.9
10.97
10.97
10.81
10.55
10.47
10.52
10.58
10.82
10.65
10.85
11
11.23
11.19
11.64
11.82
11.66
11.46
11.32
11.2
10.92
10.89
10.47
10.36
10.68
10.35
9.94
9.85
9.74
9.32
9.28
9.58
10.1
9.66
9.5
9.39
10.12
10.52
10.45
10.87
10.8
10.36
10.4
10.19
10.23
10.19
9.86
9.68
9.76
9.37
9.19
9.07
8.89
8.98
8.7
8.45
8.3
8.7
8.11
7.98
7.86
8.19
8.25
8.19
8.09
8.32
8.19
8.27
8.43
8.06
8.53
8.48
8.49
8.49
8.29
7.91
8.17
8.34
8.79
9.06
9.05
8.95
9.19
9.41
9.63
9.6
9.77
9.78
9.38
9.49
9.62
9.64
9.62
8.73
8.76
9.38
9.66
10.15
10.27
10.66
10.24
10.49
10.1
10.02
9.53
9.22
9.22
9.17
9.51
9.88
9.6
9.6
9.66
9.72
9.86
9.81
9.77
10.05
10.23
10.07
9.91
9.87
9.74
9.61
9.56
9.4
9.24
9.04
9.06
8.82
8.85
8.8
8.56
8.57
8.64
8.77
8.69
9.01
8.93
8.97
8.72
8.73
8.92
8.8
8.77
8.73
8.59
8.77
8.85
9.1
9.26
9.28
9.38
9.56
9.51
9.76
9.63
9.53
9.43
9.45
9.6
9.48
9.5
9.56
10.19
10.57
10.69
10.7
10.38
10.51
10.73
10.53
10.43
10.47
10.55
10.63
11.04
11.16
11.3
11.2
11.14
11.31
11.2
10.81
10.64
10.7
10.73
11.01
11.36
11.75
11.85
11.94
11.96
12.03
12.28
12.23
12.13
11.94
12.31
12.27
12.18
11.81
12.16
12.1
12.11
11.74
11.53
11.58
11.76
11.65
11.81
11.81
11.94
11.78
11.99
11.96
11.73
11.69
11.56
11.59
11.41
11.6
11.17
10.97
10.37
10.64
10.5
10.46
10.47
10.78
10.74
11.06
11.22
11.13
11.02
11.2
11.21
11.31
11.07
11.11
10.79
10.7
10.96
10.88
10.83
10.55
10.6
10.63
10.92
11.04
11.43
11.65
11.66
11.56
11.46
11.51
11.72
11.82
11.8
12.01
11.94
11.73
11.96
11.88
11.95
11.94
11.87
11.75
11.85
12
12.15
12.31
12.68
12.81
12.44
12.44
12.57
12.72
12.76
12.79
12.52
12.45
11.69
11.39
11.56
11.45
11.44
11.62
11.77
11.98
11.74
11.33
11.05
11.08
11.02
11.32
10.95
10.93
10.92
10.96
11.1
11.13
11.19
10.99
10.95
10.92
10.79
10.96
11.1
11.5
11.59
11.5
11.7
11.73
11.86
11.94
11.78
11.85
11.74
12.01
12.1
12.14
12.28
12.31
12.37
12.22
12.57
12.43
12.56
12.47
12.28
12.65
12.87
12.81
12.78
13.06
12.95
12.88
13.05
13.28
12.73
12.4
12.62
12.64
12.4
12.65
12.76
12.42
12.2
12.65
12.55
12.64
12.05
11.81
11.68
11.28
11.66
11.61
11.86
11.98
11.56
11.36
11.42
11.15
10.93
10.8
10.8
10.34
10.57
10.9
10.83
10.79
10.76
10.68
11.06
10.8
10.75
10.52
10.7
10.84
11.06
11.24
11.48
11.6
11.57
11.73
11.73
11.76
12.03
11.78
11.78
11.97
11.37
11.39
11.26
11.37
11.29
11.59
11.66
11.96
12.1
12.12
12.34
12.41
12.15
11.89
11.86
11.8
11.95
12.19
12.48
12.6
12.6
12.8
12.22
12.48
12.65
13.1
13.02
13.09
12.81
13.03
12.77
12.36
12.34
12.27
12.29
12.64
12.69
12.55
12.5
12.53
12.4
12.3
12.47
12.59
12.53
12.45
12.87
12.81
13.02
12.98
12.9
12.88
13.16
13.14
13.37
13.44
13.26
13.09
13.21
13.35
13.65
13.4
13.12
13.56
13.43
13.57
13.55
13.48
13.61
13.42
13.75
14.04
13.98
14.4
14.35
14.34
14.78
14.88
14.86
15.39
14.99
14.87
15.12
15.15
15.11
15.15
15.43
15.56
15.38
15.48
15.55
15.81
16.23
16.26
16.34
16.05
15.91
15.77
16.03
16.11
15.61
15.98
16.25
16.25
16.5
16.04
16.53
16.93
16.65
16.4
16.4
16.92
17.44
17.36
17.53
17.48
17.77
16.92
17.12
17.05
17.34
16.92
16.76
16.75
16.6
16.61
16.65
16.69
16.66
16.59
16.67
16.35
16.85
17.25
16.95
17.39
17.25
16.97
17.18
17.35
16.88
16.97
16.66
16.68
16.08
15.88
15.81
15.8
15.66
16.11
15.75
15.59
15.35
15.53
15.4
15.32
15.3
15.7
15.92
15.9
15.5
15.63
15.58
15.71
15.8
15.58
15.7
15.3
15.23
14.94
14.53
14.73
14.81
14.72
14.4
14.8
14.5
14.45
14.62
15.02
15.01
14.91
14.86
13.98
13.56
13.74
13.93
14.34
14.28
14.27
14.65
14.74
14.77
14.98
15.1
14.95
15
14.88
14.77
14.94
14.82
14.73
14.51
14.88
15.02
15.02
14.98
14.68
14.7
14.97
14.94
15.07
15.5
15.4
15.32
15.17
15.2
14.49
14.67
15.27
15.07
15.2
15.29
15.65
15.53
15.68
15.53
15.57
15.62
15.57
15.02
14.81
14.97
14.91
15
15.03
15.14
15.07
14.74
14.68
14.53
14.44
14.11
14.08
13.9
13.96
14.06
13.81
13.95
13.99
14.14
14.44
14.42
14.52
14.61
14.73
14.9
14.9
15.02
15.18
15.24
15.32
15.37
15.2
15.11
14.6
14.26
14.35
14.2
14.16
13.83
14.05
14.23
14.45
14.62
14.64
14.64
14.48
14.06
14.05
13.78
13.48
13.12
12.38
12.55
11.9
11.98
11.51
11.78
12.35
12.43
12.31
12.14
11.34
10.94
10.81
10.6
10.9
10.71
10.73
10.95
11.15
11.8
11.59
11.19
10.68
10.63
11.02
11.02
10.57
10.43
10.24
10.94
11.25
11.11
10.8
10.32
9.8
9.26
9.36
9.61
10.11
9.86
10.11
9.76
9.38
8.98
9.55
9.54
9.61
10
9.8
10.01
9.81
9.79
9.69
9.73
9.89
9.53
9.78
10.2
10.13
10.04
10.39
10.4
9.87
9.24
9.85
10.39
10.06
9.93
9.85
9.56
9.51
9.89
9.8
9.62
9.37
9.12
8.97
8.62
8.35
8.43
8.66
8.67
9.05
